691311841
343451927
501943160
636185558
559577190
393326777
162440240
381616101
638709885
609796127
345451956
378573973
139618662
298886564
720789812
524554905
539340580
484284502
496306614
565953646
506334677
617533829
216880974
319688064
200077391
462335188
498943148
559809103
521623550
273019029
671388071
473279017
468898461
613752575
661558444
478298113
425438430
335404797
227726093
736692310
734565180
366726400
574909044
379386807
225377247
209267588
406318503
410835017
284884314
179182795
248294734
395524168
231795413
258854861
211389797
733606701
148045821
228057893
260538478
498897310
605514985
552098006
574353166
532417377
529016210
511842846
85466548
661387441
535718647
711583595
464736277
279157900
471995445
414960129
489515421
682542179
152451285
382118781
357081622
135766800
557009692
207499118
712156317
69259845
376560336
539551396
165939338
499252882
178964857
606978672
717251673
146857702
146577991
235151630
63067789
362907709
649044778
441648982
125581240
675581176
221037319
84285262
183068917
469829124
194006295
192495689
587271948
146873590
534453236
447489893
558676690
135498930
563529339
409799050
599794351
183845892
206309795
338967730
352206126
619412907
225347617
228348863
193495638
77628538
51245000
654036899
284952889
220273603
579260102
216596562
177322240
120673495
133377617
103539361
117920910
155903511
680342837
700294242
706002580
62761788
615493571
623781339
118052975
634311158
296172526
575347443
583211465
562835222
470503185
615851330
597204186
662265762
308236590
580057649
423538574
325738147
138795047
519121275
156438788
634657612
287882261
485822249
630570218
485266429
501499044
592813071
563617310
390105633
673388844
121982011
214148616
544640302
302427716
170152317
132596292
451508840
479419539
657280108
112895462
625250184
69750184
34721448
370487534
152710132
545214350
391856638
398208473
113857953
593312294
444902493
313486952
370468424
570812519
236909959
158537034
128203858
210441784
139724901
324488561
86713044
99143146
361984277
167781581
231462840
158240855
214916663
245376560
89433300
79442846
87809419
138254589
207517083
60407948
157607927
326184140
135651203
216590291
108121794
343026905
109257482
267700949
112581694
179382464
83864782
143854188
120960284
289276537
134959321
319388409
59097348
682702370
77809651
140532254
244033377
105726273
198586541
211961388
136923667
178169059
176210552
135675446
110538285
53761121
142162705
71004782
32294829
66801524
77370917
710512770
707429674
722729277
692462786
529300422
739733954
735588506
591893577
493064872
347616793
316849201
441268170
545006672
587987596
508187568
718000011
395450235
554156018
650503724
388102323
170480761
6132260
64176310
106675545
373145826
239729106
131859070
54537890
86068307
61469142
211863012
143562952
491061114
578532274
23461776
616304288
158194021
87205170
612881921
112776910
343784105
640004868
330484389
352161856
138748128
495224011
124016998
19196161
280329300
114300303
77913742
202458557
561563459
120225744
372447076
504008046
66632142
21875919
308857489
52602273
494789778
586041006
666875664
117735883
535614020
509163682
216872214
624047271
76184022
442612439
415825482
145489494
525220825
136787062
592725892
573509376
350050829
210158133
369850258
362049803
49630602
123988140
523174340
294107695
296906151
113331192
139140853
330943083
313204603
159232204
157265403
163966353
241918366
254398479
168611510
210234731
389217879
118427681
114963595
337654215
328200280
245843579
159631697
261622732
134115814
182618246
26627361
48152473
354666917
217782864
57643225
87006314
205770499
190712692
140501732
148375308
76496263
143150694
142051370
48020538
151187483
159198163
66324974
52263783
62338376
68648255
183163764
162259369
100901779
645190007
24942742
77172630
84249445
146683888
68491563
217615138
78737162
55896016
82257134
213588529
54697662
46359309
29901217
666081882
704785490
683333577
734337643
508064676
718599602
576105872
539965779
677938088
563689004
584163074
713386353
468898863
227878386
588855935
471591322
601608629
486734389
185871206
581155044
577013830
189353771
698508909
459188779
658056509
612259557
141581847
406431819
409960634
87966652
384738980
448260559
476832041
292826090
521990036
13272843
709710721
88825971
90947223
7161891
289804119
239577876
64777065
421412689
198891655
54770885
215150112
155367659
45326193
20555225
87080197
35781799
12986272
322048733
140923181
58696201
205600295
621428880
85926568
295747096
114230634
209237869
101110631
696014690
53775173
34460379
272787606
459179216
428200959
381449123
557562215
561335500
29011603
137666064
139447552
8192449
23487964
25298213
306331637
329719905
457483870
718415330
73041335
260252453
254672494
125537871
48334399
144641292
96242872
202831420
127370987
155977064
30197310
150551839
693354607
36103224
310406415
147152269
295025082
136947075
28661443
174884481
340272884
41210651
226810987
133654063
105702423
139906827
593734078
76290453
106938988
107182475
27581380
36338604
28349638
55590577
212633671
133642311
22578432
322508733
32703103
8026007
164827917
11628041
35759184
125323195
254645021
145958050
38777930
136883890
72916355
220584426
132070783
234412540
122192309
173018677
19095167
65255551
115526673
97228947
132527373
28847495
61524059
218094159
60516980
46850706
48482429
71476555
54658329
195495631
85782082
21726160
134322313
246970846
30864546
141690805
29040745
111403790
24759314
62850543
214480892
134498236
353218443
349767622
122958275
45915918
21584173
77712693
4234134
204992638
109361160
143839449
32398043
32171923
607377768
685919420
167325347
713625753
721546488
71917442
681740295
456621596
16399319
531759694
583817904
632379660
475961231
678178082
667032628
549667842
587420963
525900742
507760639
525375174
673624622
494206240
629987437
155044630
96038799
8662883
313523859
152245836
326732832
7581047
613876402
73045285
626510994
358296452
571449941
558463141
504508623
297150427
375571467
307745030
458447927
426276790
51030447
106282208
49903829
52729394
666648587
134762332
143219937
364697219
16855669
23233900
77371764
51081371
95823249
171963118
20192886
112559990
22500380
44134189
403566301
137761692
231619233
71770666
43145546
63161281
219480568
601659031
38059648
17805454
282011777
668360843
151027262
561769654
8270329
96468099
133989930
77176350
407840437
247170256
161753095
20554402
370051929
610250410
245258275
215559295
442680085
16798982
419947212
7824552
65617367
52443988
305790719
330583718
153862406
437548910
222216553
15545555
47101779
41103165
214248311
63563067
57134917
307473784
33409474
65447727
181276988
150741655
33158944
358068004
64315741
172928998
90722152
141453127
156962784
217995570
151861504
106094934
130116267
309597763
35863626
210536412
185485294
202170418
97239622
25003095
132224326
127678446
36449811
97385481
189365857
263546883
128005563
17212043
53238869
37756933
49036313
22347969
90956447
102116073
32945487
46152190
232754485
135243131
14603947
44230046
315305454
14206819
21197193
348935462
28786958
65920455
22488557
28744948
62891181
157518500
67713299
20424880
194476332
139106195
21315063
77378496
159812323
115060169
36310004
6196652
197487440
110513238
157253232
69519818
26339120
152328502
50490509
7893810
6326764
48933828
232125297
134079140
96124907
111166576
141771816
103156002
105282124
34571652
23634642
32933846
6553669
133235706
33846224
173509553
147397193
96034217
114111894
180841612
254860925
141805029
44853730
96423858
3636838
86726131
158159420
7353443
310079108
11441003
106761787
119554471
15910812
107526239
133754355
112063526
14505060
29628338
121835937
124088933
391852949
24781334
23307308
9391789
21839697
17414266
109999916
306178131
30030920
106069760
4949844
325223192
143289395
67817029
107295337
17175516
7699981
329534553
254554715
231569741
89128816
143849744
6873793
30059971
142120884
26825218
7560329
153585330
245625444
136262460
136028971
11479112
104825058
291807856
152069396
154911599
223259907
188935452
701248057
731659141
723017511
624355805
459867923
151918399
542756083
133569515
666662316
533748818
602533825
711157247
495474685
234125250
619680412
530412992
703079080
18061883
439648858
736489477
61056334
421812731
159776064
661558711
711591284
470167
155158360
539591328
652669463
147003221
11759589
71187282
577621883
706828
653133051
442865329
8366032
265180290
556681402
495949372
145328266
24061860
268730614
3528798
545156534
156651487
51978274
7249787
603893108
533431842
148346534
21444896
52584775
12087623
37759880
228089834
28114373
26980873
24858540
407379689
89330425
108356243
554981538
556112605
97752279
151349289
869290
18073728
449858632
444044387
597350268
62385156
78243578
619709654
118055400
61882503
336969561
158556736
235827688
512211125
15342361
148923696
390648406
608388407
647931446
448332736
459115257
466421846
655521546
211664236
394709975
213380648
118627368
139814485
7726343
149885765
21888869
19667992
43269807
8526240
425742107
439565947
434864797
38058369
72949412
365997190
67262374
21165204
20219053
6232926
5871256
54455865
48085012
20311674
378650601
141175181
135511388
28614307
28575500
76368256
154742917
148952562
222347100
143601523
170571748
229362251
240882573
22636494
84389898
245817175
12061290
187674269
30294722
21154582
26615200
66319273
155240075
334295457
30364166
27699304
48827223
71704154
1572400
332325669
328006760
355885836
344272484
122654405
217619819
43674294
31381829
347181
23600315
64012316
28141210
95431822
3837499
24351708
209459601
75597652
92081806
57132458
34848181
72417353
232001241
9428710
100648293
138441717
109306213
137288069
6172638
8956702
55793448
551750
93797213
130438135
17229243
6689670
170031671
8638511
134000860
10590404
140736447
1897014
32585094
27100286
145438257
128836087
23112956
21872449
141838329
35038394
133374003
68567984
70056087
72092001
154641935
15604294
12699866
139688660
64612019
5618725
83344602
136143820
24883533
212431715
156482262
91302391
6524623
135157930
28000897
79437596
111125766
156348034
122774693
2202569
308050
191974189
32830389
38205032
112892596
287675674
29358911
6539394
29844176
51173990
30628978
489321
3688382
7272854
21743416
6714313
91110994
23035050
26546178
10938705
29808167
82478353
94653606
9728779
78383845
61470686
19458660
114199314
33071693
429051339
2311522
12888127
101717201
2281742
4131782
43640007
32993994
1843192
138869159
28178777
1547955
124246222
34243262
80666156
4121469
4482385
21355997
84827234
71824886
69553151
6907489
8454053
111237585
13359884
88729630
7662241
19359311
182199067
38010900
170979472
30440535
23463515
7641155
129951804
47608794
27694497
723357361
133440838
165150127
376651179
62157465
228596902
381246067
9144706
155134099
150382656
183165564
111381847
166713234
121305785
55563771
705511109
723380416
738030655
731884208
704232532
592895456
528933380
484827875
16082794
712292225
447049106
696468094
30586420
520131023
133255608
632140259
665659037
327783667
56887877
649721717
677154814
509560251
732364846
99605913
510609948
534040419
668007630
225999838
478195283
584068642
8234278
34927197
694767929
245827084
515889190
40957691
643689259
630799265
720969009
711934649
19066562
227315285
7395331
65733263
560752883
60782349
9831989
559290163
403088209
60658175
38217296
605216731
251993084
6941566
12145400
430309799
175212324
660314856
601266165
176078916
24046502
85167300
378090337
35535293
11922844
309001030
288010998
542097005
194917925
619586342
27521577
630973578
93902728
991827
152693405
389248639
305626935
2088516
62383869
42692894
309863009
241037149
593838939
20638048
435877973
551138279
493418897
57820934
93449905
32756020
547204147
62897739
386486972
437260644
291416358
16714212
252997111
177725431
56605093
20458721
86753405
129790261
193205138
534435324
56679989
139208032
218234686
6042487
38552278
224518831
49668810
50155175
86167464
132383471
243449580
175279805
149057968
14849500
53364099
121539971
144443437
60675920
99202440
150813576
57880567
547795440
297720760
238574248
6299756
124560802
57853589
42724313
108620571
615696154
142253163
14247158
36301234
145827384
229783299
198580572
33659713
207456245
354378816
179963755
639205959
66591910
25794960
72136406
9165472
23784242
118782478
37845413
28659217
172479873
176715853
2484840
3531631
4795366
28338788
22746468
36373693
89643745
89410545
503376
229225771
89355531
113953890
134955372
24748122
103550108
41151742
84598005
50479718
17861616
26106857
28658314
88382261
50005026
178263150
16959936
37793044
157468907
328338357
38689665
43541282
8838167
76806868
50157453
46981944
72312
12828593
11759188
244674
13146638
13343782
28437721
43692130
89149710
99918836
292794599
164172803
23608623
5236234
61227220
11907833
164965528
45409268
40381287
29930697
45340374
19715694
60644002
132919504
27025746
33407514
2683045
3434326
9534201
103067813
100415357
31780148
76956106
230164326
41754450
309012365
43837830
40701912
25330450
67931547
17569727
58700382
13207540
89229650
112087030
145164238
324805411
126371
7976001
73848525
55411404
25687229
28944829
5875983
51808573
59257321
191883399
73080587
272256125
47547253
39848061
71790006
33038052
268705107
98165107
94308317
46234646
16636848
64615835
31886139
7250477
14042901
196184805
7945004
2706
87783280
15386077
62705104
34252916
87778454
63929121
51786689
41944877
13961603
134107500
69937859
421681869
58558838
64507010
8661331
118394944
3449001
120086513
108776366
8151384
123716179
18435878
13315397
215183767
121286920
111156190
88383924
2538946
237056273
181517312
17655398
332359091
597140595
156274467
683581206
154263060
15588351
137728420
202608413
574254
106692025
24411403
142319046
21388391
158441431
139997451
13733420
30761539
136286607
82182106
735623553
710657997
715861838
686287720
499945186
711992882
58829902
729465379
682889512
731694449
7087748
688255201
386329460
738517199
302664870
363320225
512848783
547048880
648466234
733407423
677487502
244032270
4024661
623901537
637967021
199100101
605613373
8163299
566525897
470886340
613694095
159747615
641188710
10885352
30855342
387567701
352562555
161320187
55549918
19204205
514045300
68169072
67764384
26485937
693029993
698194391
3157900
668495713
57559648
143037020
132914513
852026
8803916
72671384
36089040
272085
136698811
257505985
268567962
151597656
673162609
91114824
66247960
16228036
665491695
4925883
82183897
151104958
2297493
63194013
623476774
70270079
424966542
13542211
17450470
383567991
93141613
137174985
279055765
558933411
148858023
3672782
140172568
35652021
41155935
674609794
99165331
133460036
57721577
14822341
88921000
633796162
31276035
62838716
177587169
28687864
225150
600952308
593419163
604768023
5176292
9249714
30392775
17881485
12386552
99779524
2599506
66184296
37878944
600565978
299135353
143840006
42682171
98264500
77318302
21309485
159751308
1257779
49575236
101229209
5619220
165429341
114175321
173254649
7195259
257339135
24334183
199690911
70113100
174086373
169682979
26792694
7199666
10706605
189799633
21844113
588480
115118618
1002050
48435268
17638480
104212694
155927019
19103851
7383346
15615748
784143
217222578
9212344
121674420
93115554
4566318
56900539
20021587
39789846
34817737
14458030
13744553
86124686
134918417
26826709
25037412
246470715
32041093
8613854
2722429
6793022
13465507
223996193
34666797
97487338
188005945
15396796
179400468
21005885
83353452
47224692
72505146
13945585
21452039
62144415
30875906
8503335
9508195
16421697
14298407
120913315
49787937
46687668
31470145
1186726
132143386
68821207
87592975
284614100
6302708
45784736
9710383
3276651
90510393
36786208
17826753
33163722
731798435
108375273
52628756
13388920
164749821
19939333
21090940
105056086
104062
90415577
2334330
202057492
27075504
252520734
71831938
123607790
33713835
4544863
53133915
6183527
20462136
32281484
614112
90724078
37138548
30572300
2805612
17710440
103136546
2592524
403210432
157933508
81864506
13650116
118177792
22433955
137620854
116152537
22100264
271274
27900128
196323982
138544112
143867117
21085491
174343231
739790425
712110240
710571544
694853
469326591
735325853
674139368
14921871
593184117
457946915
627133191
707075596
576142912
4200621
627574009
516820112
703052333
17615967
529802844
652913548
601680423
42549186
7260352
66165338
124520218
38488129
327920906
51688833
150863990
149044
192790986
425303522
591000620
220552698
2048164
142154043
48805895
34391402
649848875
65353336
179260850
598670417
25470045
6584035
626743354
421279430
3041232
552229631
294435383
710341339
29912075
357589159
36542687
239887281
144920106
55402163
6123329
22182656
22687884
66306049
132609150
1315841
734024877
732752623
482798590
338660612
612866479
528623846
358930882
591743323
22757279
485921051
433767545
129850595
378305640
618206172
160945637
169226240
179527624
133221736
163311664
133089677
201685930
122661549
8551635
329824111
326153843
136580957
18812955
169949435
38752346
148868313
81142585
30049627
63119920
59876
62961972
200938988
206164501
213845582
526057
119130276
86382887
121159907
57507555
139176083
33602611
26342437
90695512
144466273
187738218
21260093
53631150
20072950
64034384
132208387
12143006
658109438
111485929
53727524
3578870
83457426
15740376
24512160
43811192
213191577
54960809
114466056
457627196
563866908
10273074
18012857
22879764
2973026
46166276
5784813
34791312
13499993
1993828
2052733
146446480
85224268
2793019
1758176
689980513
539056132
14375965
2259989
218564216
3288554
89857358
327056961
61157092
137456799
429024
649889955
237679791
121730028
802081
53213131
23040931
317852961
372352924
186134063
134459722
107559072
714471154
711138510
736312969
737717234
639405890
693407298
715258485
143890973
456982715
712031615
164210688
193558674
667969976
112024894
584596866
135760010
381965128
164752347
24629622
5673991
178762793
575762107
586331906
700193922
365933390
616744072
244934342
136147862
141115760
240184
310903605
535423175
50537740
113904848
479405122
364203707
130780239
511379795
138856614
5658428
7701887
599403749
56573040
41501674
192922976
181311355
577017854
449578896
57447482
36764072
39548114
13320533
466827765
332699073
2194087
699559209
493294940
118191455
107272288
712049732
354556274
16194436
462566221
10644782
102129
19176182
500318760
156462157
3363546
16629739
689296898
319920
407367398
3876918
133767816
139954860
44336016
24859656
6694941
78037551
158849882
132009162
31575076
144607906
74369971
80247253
2927817
58616275
51520959
28067572
16546434
13330982
357276650
15702814
21145975
220860291
145151561
10108860
13396952
213954792
5189906
165501803
69105315
245080001
56853076
14922833
132040716
226682692
811502
212565807
138843092
80284501
174293467
137971717
711764182
712071587
711620495
702544498
707015135
723037313
826561
1249304
579453226
568050958
486046601
473650676
67073865
282617165
629570100
173621
213981084
37710618
52024402
322162364
550459224
5250609
490829103
47730619
674097254
396701921
655542086
57825332
136358724
704659319
526154418
136547608
525346642
467584328
1109792
63390573
35349248
18937831
60585567
136326439
206926421
160310583
29182933
31016293
65631925
249682392
13363953
563355581
65635981
146366751
3409675
124185294
35002950
32776243
41120627
587250247
29205720
12144015
6610119
162912178
140637078
102888004
225153403
178169634
139341455
47271668
75431802
148503878
32020493
56787076
12697926
40705373
15643366
326793013
23831871
198231858
262813637
495480327
152343544
337406665
267531104
155885327
1785939
146454202
735948376
721961859
735859604
670412280
722333037
139812078
508959017
587571113
150449624
631773045
4955449
40294666
488389964
372956897
580837809
406724279
561273314
321423617
18091003
84641973
2044357
363271628
594143597
553758254
484888047
50221390
447875750
144516599
119464901
95947306
271996570
639585365
701841065
29437546
439800434
550797300
141541428
6571355
9274427
168924883
19396029
68373457
558031001
545979632
179288641
70641036
26877031
294714165
431824619
140119109
349041859
312444084
6090060
3278954
1253886
82377280
14341436
335858880
323119624
33705228
112579907
109868809
43364646
825377
42933513
1043466
202735201
323354324
1490154
2223165
144522295
64815142
213264261
214282
235949587
396705495
103811555
216107133
212623552
415977
148485787
357898145
4665161
719294799
665889281
735405358
710967518
707077535
713422284
642286433
136786020
524712647
71331459
664601640
643200043
611688573
5489494
191288286
377479061
334461598
86941932
87434581
710623911
18291742
18736068
318032195
132766548
593716635
232164451
133829573
151373819
386335215
52608003
568479214
202761884
2529782
260286232
31024623
582277226
603599343
285846171
428512234
272872475
393929467
199226487
4285540
7344928
50714207
23376773
273356425
154650902
157560351
347169605
487732057
420035
63986633
585460550
38788868
7984766
90416762
163966907
326425316
489040931
18284783
68130360
84257966
299425528
4230876
1154935
510768371
50345568
33551677
123970909
62318384
483417684
281805728
58366328
454430297
672143709
160922412
687629484
23310952
105075946
132382062
135552270
712122843
532670368
180976854
712225307
50781530
565284654
56562180
593319214
30399811
8665658
42258659
624334739
20062804
76653466
277064875
145496144
42545003
411054319
42251832
299900013
695885865
570839783
134704871
75396907
132943760
139835791
69988192
477228621
384305233
629516007
187838358
42721569
211415776
170252914
45043666
22520631
86559814
196225783
16755547
88285005
139018988
77717399
76664063
343025539
234350342
445586131
183560266
248941083
16887062
155844729
89837168
702933767
736673666
713343421
437454976
144057943
611814971
541690531
461535665
96612140
459125351
283061402
1093434
8764488
6528328
18677064
428897919
630631875
502705568
41833458
61725280
530434523
120107024
331578622
144221549
241138943
344693495
538473766
259803499
319206470
60643889
36869273
64615909
166029985
521208035
21113002
239362609
1802779
728535297
654610113
46005750
249320740
61188596
64298664
442058532
413030539
21798807
86651302
294046160
84871626
270614836
62117766
275559511
238919700
482802927
343631481
42591938
24429149
648160128
137304093
424523560
486118319
685972485
271151881
448361800
512728614
735316471
4508799
488525595
300340194
332301867
710554301
290286507
697424626
2864781
145983425
197565709
670816567
380154740
58271428
82280834
155135330
209932803
39445536
193443937
24766369
9135452
142251398
13956416
41114369
199341555
86809493
20698719
1082629
201023001
20462077
581258177
121644674
5796933
151686473
733822271
535493278
524310123
248718190
215600486
204518715
5434035
157792260
609243312
21397864
723455264
626014581
27925747
10168602
549276080
606935609
182581907
354771913
88315182
584407414
11033862
236786130
339951527
392526136
337385972
142635305
690916352
44061850
6911426
142336170
18610786
230719603
163514723
19788884
551671877
16695749
426363461
120777668
936724
100895597
82247669
154063425
294875787
712593109
151141191
723386789
598562874
153138417
251310405
233380248
539955213
255736612
522083032
190438649
13397513
51819092
208338643
195640683
189342340
206811490
132147148
709923162
671711160
697983916
712821022
40591587
553754355
710861149
582573228
457992623
153529032
224230583
32426178
132475314
60801297
94745822
18383777
134926206
740054278
429170368
576654997
144180344
651656333
175854816
253578436
412896804
245402926
518938608
505920083
599227625
145509119
19150184
21377975
76774704
6061382
341291965
73960105
740054278
429170368
576654997
144180344
651656333
175854816
253578436
412896804
245402926
518938608
505920083
599227625
145509119
19150184
21377975
76774704
6061382
341291965
73960105
325256999
358286605
209306273
3003527
33909957
710972415
416510106
169306485
5301334
477173542
735054625
317039151
63153849
2838643
334362937
634812067
64460608
45909647
283551681
149088633
77865746
234628360
255278637
155238189
102476066
660833668
334189109
536283859
8005410
63696319
56437653
429193288
674023314
562944942
632170791
557647615
226312746
699117332
692268941
460633589
317215512
636392551
739410918
673610470
198354174
188177331
301336847
254038893
728711292
515523793
135796370
100769539
54797489
136798921
601954671
139456669
423620682
171182230
50009363
226499540
296627383
178828312
226215200
25531322
35148262
108220276
387625270
445064428
82026659
135477549
164940361
107131246
177020656
67398670
186349044
168130594
608214270
139428801
287908914
114506630
226969101
344985029
19225684
361766669
397740148
12191809
147174424
874146
10610194
7295003
47431025
8736482
5503497
82262872
159635017
87429686
737731168
665911509
531147072
10464500
589605455
490581295
27784762
816335
85673251
11189618
104043067
71438699
681981
97885547
64011967
24048419
14611060
27218444
2893724
83705263
17667499
200536912
40958025
297176815
116519833
719044630
515893148
26792005
195426021
244243434
580162772
717126558
296550542
67953629
13559969
85534753
690412
42208420
137038779
60507297
5046412
392644997
131565929
10365606
29527888
17461727
13416723
109771543
66620931
53804747
42663128
27720984
65775462
4597391
173363048
29139192
338209624
16507707
956320
3646802
39757464
8660008
681166
5560996
297181813
8084191
15059931
31292625
591398494
30559214
601450030
189110271
660183869
41630906
14785189
557361
15513683
4094881
94935375
4609797
24721961
642657364
711146647
322406678
1282362
465937302
662313446
219955679
3201217
8585559
200425540
95731997
249921328
86870436
29585832
468492963
135127027
193790081
74161611
98049821
2229603
723235593
708795028
626969304
415124287
710293724
582231413
391627185
634947938
245303895
62756958
179199354
10609937
