557145151
677028722
581873170
672741425
519068855
374022346
630894120
181865724
732547685
110807679
716618776
63808218
348246412
377699367
179812192
231081407
561629059
180749126
143730914
380771364
96892815
443904158
559500420
247981199
166632836
466576318
140882761
61067839
38781160
119756177
65155042
115665417
133140424
45143693
186079212
156534911
60484538
94868244
79495135
20741529
39843261
21800629
658406175
36438157
8787599
12549444
18873145
30562792
10635285
97676077
8301344
268804161
97585024
591940997
7855400
112280245
254921243
113146924
112992282
17396404
12129332
137211650
156537612
5153179
16488894
98965127
16521464
11756339
18480002
9155094
8298007
85935716
50154207
7952722
569282562
206315323
281154908
198028747
7151281
306345504
9575999
86671824
705348634
5575957
21839021
131596628
8504497
20599906
11930793
3776177
18805282
14912179
2379771
6867067
11866506
2143293
18174322
22336002
7329193
1899313
31134440
44443168
18158629
92555114
19634237
234060459
289206468
4423591
374336589
310107850
84648662
9551871
21606172
3973625
584462
34919311
16639048
6147666
21844
27999413
792198
8128288
96122489
66961741
4509719
5462885
10020808
45604139
673268309
3799667
16369499
719384
1860682
620218272
52465995
5181703
3754211
133248348
707494039
163476526
54201569
26169458
1350594
11989005
10335988
674552
2578070
60968646
1455848
427981973
594541394
8582695
26769673
62111001
99192045
10605662
239133339
6950158
89488008
60634855
3889220
803701
5454559
5724184
1445536
165438492
4916569
37051083
5730324
721694974
169055731
16140827
502831099
17070196
92447773
19959945
6125210
57655742
219480088
1260601
61103817
339255
54128977
227837970
5564563
3603359
496515629
184658981
59782886
67195259
459758721
394752269
4881215
36300413
13619769
222306621
382756238
514531626
7949857
158550355
59653928
157868716
33611003
710396709
80213679
5709484
305998782
111859289
258678321
29679805
179345983
33292939
2280641
7303402
388828952
150684650
154124288
70228443
8431182
10334488
41717469
64332324
236611983
364359369
142265591
615614298
612985001
4207440
589507326
82259130
14029536
17426603
214214013
60565585
83910399
188155427
36858759
71376361
46201743
622938091
11333148
9607991
552763507
477702828
1707384
120411834
649846483
215852103
8524677
642486885
131997767
18799690
111094805
474975272
191713332
10023357
6886237
9880951
433850051
425974841
118243152
174669393
73283081
121923799
335680192
7862622
8486711
158521420
285491821
465914308
246547068
397350995
133134171
18392065
49023501
49401527
281171702
133117782
90037580
92323522
181847423
45799120
60838753
190898666
34175600
36812165
