287551000
133810038
137123229
376129252
34663289
191129955
534141910
568676441
161087937
104022400
124184057
406183818
151488529
100421182
150958003
83497766
326893493
198792091
56178596
182199363
137198390
531548505
403338276
117676564
185872307
92438413
132207977
138159496
100349240
27510354
369153009
319970289
363238927
47857067
402245765
166210857
47080870
212835745
56776137
95454759
107107771
5788669
32364278
70899449
10295430
22415861
28432671
171381810
56516999
113022709
37680739
711262981
438322142
97561860
19903148
28781462
606766820
256122826
424278143
8144827
3849295
37396847
14118223
4159450
40634706
16517882
15023934
89889871
1154451
12903025
58151987
11136391
195383694
2348960
2385866
145835253
6855034
29546093
35513165
10622221
92602731
173150635
22252188
22376206
738453863
581650379
634279525
710497930
71993048
61757557
4304085
49283286
70599347
253301735
382280138
136364744
77361726
654835445
219069157
304615695
161843792
68451194
25660168
40942863
239488923
370227427
16865040
21077204
5857425
2071131
12067701
82245460
237662258
125089942
8038230
3372775
2515289
24984845
17534390
1385647
8255532
77745407
717491876
479477996
502748635
308981103
190426514
32164695
590520154
546579637
62896307
20773953
11891052
352187646
716878928
51157078
32700328
5978760
7420882
560951568
1124807
172666244
149190575
148095168
547946663
16374111
3082198
51318877
459659034
3309164
118763779
20732630
49377406
8972964
313938892
60692325
9824665
32578297
72478617
43132432
68061494
30461093
22215383
131573922
31963597
66331164
138609946
279911474
548883004
5425436
150437205
529112466
2525631
2652550
5095458
49055722
166465880
4174678
204572754
671064
260176074
6675679
453081050
47108058
409166
13330677
9706195
61024
7466658
3130852
48410074
25781105
29138738
968200
320775437
1261147
740659
172604011
200868826
2059659
20551499
187921099
59889147
527342321
674300224
711730341
1036139
600145678
393747518
671754617
573914203
30584680
177564569
205539203
32731212
67681587
11795216
542501
338777083
543827253
434877376
5609338
369782897
192416666
30129387
10404681
1959382
1410458
1277546
148272982
94697653
9015829
2399014
2014439
71010512
171122439
137993721
456163209
7690455
301037
322491366
279963084
19044564
43632127
91148365
104864169
1655530
114485560
7739545
84120194
5340752
16391073
263741237
51121421
135062725
68009041
191049913
10364037
617184061
53901337
166908365
449307301
3702570
26926087
87697180
11170910
220293536
25668873
24242007
153356367
720844100
485130914
591638471
461958155
4227870
161060206
176000748
232188702
16957612
53501976
362283573
158293552
82144309
22457569
134510912
197460242
133140235
129188708
53006039
1567939
10013955
14445563
164714600
183634556
26352145
186791433
11438657
5149172
13557349
520042842
36008998
227167541
279213666
364593659
58151133
616087144
620844204
14504489
242160036
54072174
384391392
65688479
32053571
564653661
648869084
475804089
52826261
153831262
223439563
21897596
561545416
344195824
610450068
470919201
270953916
650167775
49579022
56754741
588224076
442369757
539511457
539511457
