691311841
343451927
501943160
636185558
559577190
393326777
139618662
381616101
638709885
609796127
345451956
378573973
162440240
298886564
720789812
524554905
231795413
539340580
484284502
496306614
319688064
506334677
617533829
216880974
565953646
200077391
468898461
498943148
559809103
521623550
273019029
671388071
473279017
425438430
661558444
478298113
406318503
335404797
736692310
734565180
574909044
379386807
462335188
211389797
209267588
410835017
284884314
227726093
179182795
248294734
395524168
225377247
366726400
258854861
613752575
733606701
148045821
260538478
498897310
146873590
605514985
552098006
532417377
511842846
574353166
529016210
51245000
85466548
661387441
228057893
535718647
711583595
489515421
464736277
279157900
471995445
682542179
193495638
152451285
382118781
135766800
587271948
357081622
207499118
712156317
69259845
376560336
717251673
539551396
165939338
133377617
499252882
178964857
606978672
146577991
146857702
235151630
558676690
63067789
579260102
362907709
649044778
441648982
84285262
125581240
675581176
221037319
469829124
192495689
194006295
177322240
183068917
534453236
216596562
447489893
135498930
409799050
414960129
338967730
557009692
206309795
352206126
225347617
619412907
228348863
183845892
77628538
654036899
284952889
120673495
599794351
220273603
103539361
563529339
117920910
155903511
680342837
700294242
706002580
562835222
615493571
623781339
634311158
575347443
583211465
470503185
615851330
118052975
597204186
662265762
580057649
423538574
179382464
325738147
519121275
156438788
634657612
287882261
485822249
501499044
592813071
343026905
630570218
563617310
390105633
673388844
121982011
214148616
544640302
302427716
86713044
170152317
313486952
132596292
87809419
451508840
479419539
139724901
657280108
370487534
625250184
34721448
69750184
152710132
545214350
391856638
398208473
682702370
593312294
444902493
370468424
570812519
485266429
296172526
210441784
158537034
157607927
99143146
231462840
59097348
214916663
158240855
108121794
89433300
167781581
112895462
79442846
245376560
207517083
138254589
112581694
60407948
361984277
326184140
135651203
308236590
109257482
267700949
319388409
324488561
83864782
176210552
120960284
143854188
198586541
113857953
289276537
134959321
140532254
105726273
211961388
178169059
136923667
244033377
62761788
135675446
216590291
110538285
128203858
77809651
53761121
142162705
71004782
32294829
66801524
138795047
77370917
236909959
710512770
707429674
692462786
245843579
722729277
529300422
217782864
735588506
591893577
347616793
123988140
316849201
441268170
739733954
493064872
55896016
545006672
587987596
508187568
718000011
159232204
395450235
554156018
650503724
388102323
170480761
373145826
190712692
131859070
64176310
106675545
239729106
54537890
61469142
211863012
491061114
578532274
23461776
369850258
616304288
158194021
612881921
112776910
343784105
640004868
330484389
210234731
352161856
148375308
495224011
124016998
77913742
62338376
19196161
114300303
202458557
46359309
561563459
120225744
504008046
87205170
66632142
21875919
308857489
52602273
29901217
494789778
586041006
666875664
535614020
217615138
509163682
216872214
624047271
442612439
415825482
145489494
525220825
592725892
573509376
337654215
350050829
330943083
362049803
49630602
523174340
136787062
294107695
296906151
113331192
143562952
313204603
254398479
76184022
157265403
168611510
210158133
138748128
163966353
372447076
118427681
328200280
159631697
261622732
117735883
182618246
354666917
134115814
26627361
48152473
54697662
6132260
205770499
57643225
87006314
645190007
140501732
76496263
114963595
143150694
159198163
151187483
86068307
280329300
142051370
52263783
66324974
68648255
183163764
100901779
24942742
84249445
146683888
77172630
162259369
68491563
78737162
82257134
213588529
139140853
241918366
48020538
389217879
666081882
704785490
683333577
734337643
508064676
718599602
576105872
539965779
677938088
563689004
584163074
468898863
713386353
227878386
588855935
471591322
601608629
486734389
581155044
577013830
60516980
698508909
459188779
234412540
658056509
141581847
406431819
409960634
384738980
448260559
476832041
13272843
612259557
709710721
88825971
7161891
90947223
239577876
421412689
54770885
521990036
215150112
155367659
64777065
45326193
20555225
12986272
87080197
35781799
30864546
189353771
140923181
144641292
322048733
58696201
32703103
621428880
292826090
205600295
295747096
114230634
164827917
209237869
696014690
143839449
53775173
272787606
459179216
428200959
381449123
122958275
557562215
561335500
23487964
137666064
139447552
204992638
25298213
8192449
329719905
306331637
457483870
718415330
260252453
155977064
85926568
36338604
150551839
125537871
218094159
127370987
96242872
693354607
147152269
27581380
36103224
174884481
136947075
4234134
185871206
28661443
295025082
340272884
85782082
310406415
133654063
226810987
139906827
593734078
62850543
76290453
106938988
105702423
107182475
30197310
28349638
8026007
212633671
133642311
22578432
32171923
254672494
35759184
246970846
11628041
73041335
125323195
38777930
214480892
145958050
72916355
46850706
254645021
115526673
132070783
136883890
97228947
202831420
220584426
173018677
122192309
65255551
55590577
28847495
61524059
167325347
48482429
48334399
71476555
134322313
322508733
21726160
54658329
34460379
87966652
19095167
607377768
132527373
141690805
24759314
29040745
41210651
134498236
111403790
32398043
349767622
45915918
353218443
77712693
21584173
289804119
195495631
198891655
101110631
685919420
109361160
29011603
713625753
721546488
36310004
681740295
456621596
531759694
583817904
632379660
391852949
475961231
678178082
667032628
549667842
8270329
525900742
587420963
507760639
29628338
525375174
673624622
494206240
629987437
155044630
96038799
90722152
313523859
152245836
326732832
626510994
130116267
571449941
9391789
558463141
504508623
613876402
297150427
307745030
14603947
458447927
426276790
106282208
263546883
49903829
666648587
134762332
364697219
358296452
16855669
23233900
77371764
51081371
7581047
11441003
95823249
20554402
20192886
106761787
22500380
44134189
112559990
6326764
403566301
137761692
232125297
71770666
43145546
63161281
561769654
219480568
601659031
38059648
282011777
668360843
151027262
133989930
96468099
77176350
407840437
247170256
119554471
370051929
128005563
610250410
215559295
442680085
232754485
419947212
7824552
305790719
330583718
65617367
153862406
222216553
15545555
231619233
214248311
41103165
63563067
57134917
67713299
307473784
150741655
65447727
112063526
33409474
33158944
172928998
96124907
52729394
73045285
156962784
64315741
223259907
106094934
109999916
217995570
309597763
35863626
306178131
185485294
202170418
139106195
97239622
132224326
127678446
6873793
358068004
106069760
189365857
181276988
97385481
142120884
437548910
17212043
37756933
22347969
49036313
135243131
46152190
151861504
102116073
32945487
315305454
21197193
28786958
26825218
22488557
14206819
65920455
28744948
62891181
143849744
21315063
20424880
157518500
115060169
48933828
143219937
77378496
141453127
197487440
159812323
158159420
152328502
25003095
69519818
157253232
26339120
110513238
90956447
36449811
7893810
107526239
134079140
111166576
141771816
105282124
34571652
23634642
107295337
50490509
32933846
6553669
33846224
173509553
147397193
133235706
114111894
180841612
254554715
96034217
254860925
141805029
53238869
44853730
96423858
3636838
86726131
310079108
15910812
8662883
133754355
14505060
7353443
124088933
121835937
24781334
23307308
143289395
52443988
153585330
17414266
152069396
30030920
161753095
47101779
4949844
154911599
7699981
17175516
67817029
71917442
44230046
210536412
231569741
21839697
30059971
7560329
104825058
245625444
136262460
6196652
136028971
11479112
16399319
194476332
291807856
89128816
188935452
171963118
51030447
325223192
17805454
375571467
16798982
329534553
348935462
245258275
103156002
701248057
731659141
723017511
6714313
459867923
151918399
542756083
666662316
533748818
602533825
711157247
495474685
24883533
619680412
530412992
703079080
439648858
736489477
421812731
159776064
4121469
661558711
43269807
711591284
470167
33071693
539591328
652669463
577621883
11759589
145438257
653133051
35038394
442865329
137288069
265180290
556681402
495949372
24061860
268730614
234125250
111125766
3528798
545156534
156482262
156651487
7249787
603893108
232001241
533431842
28114373
21444896
18073728
12087623
228089834
24858540
52584775
407379689
62157465
89330425
108356243
151349289
556112605
554981538
869290
444044387
143601523
597350268
449858632
62385156
619709654
118055400
61882503
336969561
84827234
158556736
235827688
512211125
6689670
148923696
390648406
213380648
608388407
394709975
647931446
466421846
459115257
448332736
217619819
655521546
118627368
8956702
7726343
139814485
21888869
19667992
8526240
439565947
425742107
434864797
71187282
38058369
72949412
51978274
13359884
365997190
21165204
20219053
6232926
66319273
61056334
5871256
48085012
67262374
54455865
378650601
76368256
28575500
28614307
154742917
170571748
141175181
170979472
22636494
37759880
165150127
240882573
84389898
222347100
187674269
245817175
12061290
97752279
149885765
229362251
30294722
32993994
26615200
211664236
71704154
334295457
156348034
30364166
48827223
27699304
4482385
1572400
332325669
328006760
355885836
148952562
344272484
122654405
347181
23600315
3837499
95431822
31381829
43674294
28141210
209459601
24351708
55793448
100648293
34848181
9428710
109306213
92081806
75597652
64612019
138441717
155240075
551750
7272854
130438135
17229243
170031671
1897014
8638511
140736447
32585094
10590404
27100286
128836087
111237585
134000860
18061883
70056087
154641935
68567984
23112956
4131782
21872449
141838329
133374003
72417353
5618725
83344602
308050
212431715
26546178
91302391
135157930
1843192
32830389
12699866
191974189
28000897
20311674
15342361
706828
139688660
93797213
79437596
122774693
2202569
38205032
112892596
72092001
287675674
30628978
29358911
23035050
3688382
29844176
21154582
82478353
489321
6539394
19458660
29808167
21743416
10938705
51173990
94653606
61470686
78383845
145328266
114199314
78243578
30440535
2311522
8454053
12888127
2281742
71824886
21355997
28178777
138869159
34243262
1547955
6907489
80666156
124246222
91110994
69553151
101717201
43640007
429051339
15604294
7662241
19359311
8366032
155158360
147003221
57132458
182199067
88729630
38010900
111381847
64012316
23463515
9728779
6172638
7641155
129951804
47608794
723357361
624355805
133440838
376651179
133569515
228596902
136143820
381246067
9144706
155134099
6524623
55563771
150382656
148346534
183165564
26980873
27694497
166713234
135511388
121305785
705511109
723380416
202608413
738030655
731884208
704232532
20458721
592895456
528933380
484827875
712292225
447049106
520131023
133255608
176078916
696468094
665659037
327783667
17861616
649721717
677154814
632140259
509560251
32756020
732364846
132919504
510609948
534040419
668007630
225999838
478195283
41944877
584068642
34927197
694767929
245827084
515889190
13733420
630799265
643689259
720969009
711934649
2484840
19066562
7395331
227315285
65733263
82182106
560752883
60782349
9831989
403088209
60658175
38217296
150813576
605216731
16082794
47547253
251993084
12145400
6941566
430309799
25330450
175212324
660314856
601266165
24046502
85167300
378090337
76956106
35535293
11922844
309001030
41151742
288010998
542097005
13961603
194917925
547204147
630973578
991827
193205138
152693405
13146638
389248639
305626935
2088516
42692894
16714212
309863009
241037149
619586342
593838939
20638048
435877973
551138279
493418897
93449905
57820934
62897739
93902728
386486972
559290163
45409268
437260644
291416358
177725431
252997111
56605093
534435324
56679989
139208032
86753405
218234686
38552278
86167464
129790261
224518831
5236234
50155175
4795366
132383471
31780148
175279805
30586420
14849500
142253163
53364099
144443437
121539971
597140595
57880567
60675920
99202440
547795440
297720760
238574248
124560802
7945004
57853589
136286607
108620571
615696154
145827384
229783299
36301234
198580572
33659713
354378816
17655398
272256125
639205959
25794960
72136406
66591910
89643745
118782478
23784242
176715853
37845413
33407514
28659217
179963755
22746468
28338788
36373693
229225771
89410545
84598005
134955372
113953890
103550108
157468907
64615835
50005026
37793044
26106857
178263150
28658314
50479718
88382261
16959936
328338357
99605913
76806868
43541282
11759188
13315397
503376
12828593
50157453
23608623
8838167
46981944
21388391
28437721
13343782
89149710
99918836
292794599
309012365
164172803
40957691
42724313
49668810
89355531
72312
9534201
134107500
45340374
6042487
61227220
164965528
60644002
62383869
123716179
3434326
2683045
29930697
40381287
27025746
28944829
19715694
103067813
13207540
244674
100415357
56887877
24748122
41754450
40701912
67931547
58700382
89229650
51786689
9165472
6299756
324805411
25687229
73848525
7976001
5875983
126371
43692130
17569727
191883399
59257321
27521577
51808573
73080587
43837830
158441431
207456245
39848061
112087030
33038052
69937859
94308317
98165107
71790006
46234646
55411404
16636848
14042901
31886139
7250477
196184805
2706
38689665
120086513
11907833
149057968
15386077
30761539
87783280
62705104
14247158
172479873
34252916
87778454
63929121
108776366
8234278
64507010
142319046
58558838
8661331
118394944
3531631
145164238
3449001
8151384
18435878
215183767
121286920
111156190
230164326
88383924
2538946
181517312
332359091
243449580
156274467
683581206
154263060
15588351
237056273
137728420
268705107
421681869
574254
106692025
24411403
139997451
735623553
710657997
715861838
686287720
499945186
711992882
729465379
682889512
731694449
105056086
738517199
688255201
386329460
363320225
512848783
547048880
25037412
648466234
733407423
677487502
244032270
70113100
637967021
199100101
605613373
566525897
140172568
470886340
613694095
641188710
623901537
10885352
10706605
387567701
352562555
161320187
19204205
514045300
26485937
68169072
693029993
698194391
223996193
3157900
668495713
104062
57559648
143037020
852026
8803916
36089040
623476774
136698811
77318302
268567962
3672782
151597656
673162609
217222578
66247960
16228036
87592975
665491695
82183897
132914513
151104958
593419163
63194013
2297493
21452039
424966542
13542211
17450470
383567991
30855342
137174985
279055765
72671384
93141613
558933411
86124686
148858023
35652021
674609794
70270079
133460036
57721577
88921000
159747615
633796162
199690911
55549918
177587169
31276035
225150
600952308
5176292
22433955
604768023
9249714
30392775
17881485
12386552
101229209
2599506
37878944
600565978
299135353
143840006
26792694
49575236
21309485
17638480
5619220
98264500
272085
159751308
1257779
42682171
257339135
114175321
173254649
165429341
169682979
174086373
24334183
1002050
48435268
21844113
115118618
189799633
99165331
784143
4024661
7383346
19103851
62838716
15615748
91114824
246470715
93115554
67764384
39789846
164749821
13744553
9212344
121674420
7087748
34817737
81864506
20021587
4566318
56900539
14458030
7199666
134918417
32041093
13465507
2722429
6793022
71831938
104212694
15396796
188005945
116152537
34666797
97487338
257505985
157933508
21005885
83353452
72505146
13945585
30875906
99779524
4925883
13650116
8503335
16421697
120913315
49787937
31470145
47224692
1186726
21090940
68821207
132143386
9508195
284614100
45784736
196323982
302664870
36786208
90510393
14822341
731798435
14298407
17826753
3276651
252520734
9710383
46687668
6183527
26826709
33163722
58829902
123607790
108375273
19939333
13388920
52628756
6302708
179400468
90415577
2334330
202057492
27075504
138544112
62144415
53133915
30572300
37138548
32281484
8613854
33713835
20462136
4544863
90724078
2805612
614112
588480
103136546
17710440
155927019
403210432
28687864
8163299
7195259
41155935
137620854
118177792
22100264
271274
66184296
27900128
2592524
143867117
21085491
174343231
739790425
735325853
712110240
710571544
1993828
469326591
674139368
132609150
593184117
457946915
627133191
576142912
4200621
627574009
53727524
516820112
703052333
22182656
707075596
529802844
601680423
652913548
42549186
213845582
7260352
124520218
38488129
51688833
139176083
150863990
149044
48805895
192790986
591000620
220552698
2048164
142154043
22687884
649848875
65353336
2052733
598670417
6584035
25470045
2793019
626743354
421279430
3041232
552229631
43811192
294435383
710341339
137456799
357589159
36542687
239887281
132208387
144920106
55402163
66306049
2973026
1315841
734024877
732752623
482798590
200938988
425303522
338660612
612866479
133089677
528623846
358930882
591743323
485921051
433767545
148868313
129850595
378305640
618206172
327920906
62961972
64034384
179527624
133221736
206164501
21260093
163311664
169226240
201685930
46166276
122661549
317852961
329824111
326153843
136580957
1758176
38752346
34391402
169949435
81142585
63119920
59876
146446480
6123329
526057
14921871
119130276
86382887
90695512
121159907
26342437
66165338
57507555
33602611
187738218
29912075
53631150
20072950
179260850
30049627
17615967
83457426
12143006
111485929
3578870
15740376
24512160
5784813
694853
213191577
54960809
457627196
563866908
10273074
18812955
144466273
18012857
2259989
22879764
22757279
186134063
34791312
160945637
13499993
85224268
8551635
121730028
689980513
539056132
14375965
218564216
372352924
3288554
89857358
327056961
61157092
429024
649889955
237679791
658109438
802081
53213131
23040931
114466056
107559072
134459722
714471154
711138510
737717234
736312969
715258485
693407298
466827765
456982715
712031615
164210688
141115760
667969976
112024894
80247253
639405890
381965128
5673991
24629622
178762793
575762107
137971717
135760010
586331906
699559209
700193922
365933390
136147862
616744072
80284501
310903605
535423175
113904848
479405122
130780239
511379795
599403749
138856614
5658428
7701887
364203707
56573040
41501674
181311355
577017854
449578896
57447482
143890973
36764072
13320533
193558674
332699073
2194087
493294940
500318760
118191455
107272288
244934342
44336016
354556274
16194436
462566221
10644782
133767816
19176182
156462157
3363546
240184
39548114
192922976
16629739
689296898
712049732
319920
56853076
3876918
139954860
51520959
50537740
24859656
407367398
6694941
158849882
78037551
74369971
132009162
31575076
144607906
357276650
2927817
28067572
58616275
14922833
16546434
13330982
15702814
5189906
21145975
145151561
13396952
10108860
165501803
138843092
69105315
245080001
102129
584596866
132040716
164752347
213954792
226682692
220860291
811502
212565807
174293467
711764182
712071587
711620495
3409675
702544498
707015135
723037313
826561
579453226
568050958
473650676
148503878
486046601
67073865
282617165
629570100
173621
213981084
52024402
322162364
198231858
5250609
37710618
490829103
47730619
396701921
655542086
136547608
57825332
136358724
674097254
704659319
526154418
525346642
467584328
1109792
63390573
35349248
60585567
136326439
206926421
65635981
29182933
18937831
124185294
31016293
249682392
1785939
563355581
146366751
35002950
41120627
587250247
162912178
29205720
12144015
6610119
140637078
32020493
102888004
139341455
75431802
550459224
56787076
47271668
178169634
12697926
32776243
40705373
15643366
326793013
23831871
1249304
262813637
65631925
495480327
160310583
13363953
337406665
267531104
152343544
225153403
155885327
146454202
735948376
721961859
735859604
670412280
722333037
139812078
508959017
587571113
216107133
150449624
631773045
4955449
484888047
40294666
488389964
372956897
9274427
406724279
561273314
321423617
29437546
84641973
2044357
363271628
580837809
594143597
553758254
50221390
447875750
18091003
144516599
119464901
95947306
271996570
202735201
639585365
701841065
148485787
439800434
141541428
6571355
19396029
68373457
558031001
168924883
179288641
396705495
26877031
294714165
431824619
70641036
349041859
312444084
6090060
3278954
1253886
14341436
82377280
335858880
550797300
323119624
33705228
109868809
64815142
43364646
42933513
1043466
112579907
323354324
1490154
144522295
2223165
140119109
213264261
103811555
214282
545979632
235949587
825377
212623552
415977
357898145
4665161
719294799
665889281
710967518
735405358
707077535
713422284
136786020
160922412
524712647
260286232
643200043
611688573
191288286
377479061
132766548
334461598
86941932
710623911
18291742
18736068
593716635
318032195
664601640
133829573
273356425
386335215
4285540
52608003
568479214
2529782
31024623
603599343
285846171
454430297
428512234
393929467
199226487
7344928
642286433
50714207
154650902
157560351
87434581
487732057
420035
63986633
585460550
38788868
7984766
347169605
151373819
90416762
489040931
23376773
163966907
326425316
18284783
68130360
299425528
71331459
84257966
202761884
1154935
4230876
5489494
50345568
123970909
33551677
510768371
483417684
281805728
58366328
672143709
582277226
232164451
687629484
23310952
135552270
105075946
272872475
62318384
132382062
712122843
532670368
565284654
712225307
50781530
56562180
30399811
8665658
42258659
624334739
20062804
76653466
145496144
42545003
277064875
299900013
42251832
695885865
211415776
570839783
16887062
593319214
134704871
132943760
180976854
69988192
75396907
477228621
629516007
411054319
187838358
42721569
45043666
170252914
16755547
384305233
22520631
86559814
88285005
196225783
139018988
77717399
76664063
343025539
445586131
183560266
234350342
248941083
155844729
89837168
139835791
702933767
736673666
713343421
437454976
60643889
144057943
611814971
541690531
461535665
521208035
96612140
459125351
24429149
8764488
1093434
6528328
428897919
630631875
275559511
502705568
41833458
530434523
120107024
144221549
344693495
331578622
538473766
319206470
166029985
64615909
259803499
1802779
21113002
728535297
654610113
283061402
61725280
61188596
84871626
64298664
249320740
46005750
413030539
21798807
482802927
241138943
86651302
294046160
442058532
18677064
62117766
270614836
238919700
239362609
36869273
343631481
42591938
648160128
380154740
1082629
137304093
486118319
685972485
271151881
488525595
448361800
424523560
4508799
155135330
300340194
332301867
735316471
710554301
697424626
512728614
2864781
145983425
670816567
58271428
5796933
82280834
209932803
24766369
290286507
39445536
121644674
193443937
9135452
13956416
142251398
41114369
199341555
86809493
20698719
201023001
20462077
197565709
581258177
151686473
733822271
535493278
524310123
215600486
584407414
204518715
157792260
5434035
609243312
723455264
626014581
21397864
27925747
236786130
10168602
549276080
606935609
354771913
182581907
88315182
11033862
248718190
339951527
337385972
392526136
142635305
690916352
44061850
6911426
142336170
230719603
163514723
100895597
551671877
120777668
16695749
426363461
936724
18610786
294875787
82247669
154063425
19788884
712593109
151141191
723386789
598562874
153138417
251310405
206811490
539955213
522083032
190438649
255736612
13397513
51819092
208338643
195640683
233380248
189342340
132147148
709923162
712821022
671711160
697983916
553754355
710861149
582573228
457992623
153529032
224230583
40591587
132475314
60801297
32426178
94745822
18383777
134926206
576654997
740054278
429170368
76774704
144180344
651656333
175854816
253578436
412896804
518938608
505920083
145509119
19150184
245402926
341291965
21377975
6061382
599227625
73960105
714291582
149086073
625266704
50368070
194480831
227003470
24274435
198240032
589699906
231883416
170122094
136525774
297501639
215055037
163186157
237793496
147583308
325256999
358286605
209306273
3003527
33909957
710972415
169306485
416510106
5301334
477173542
735054625
317039151
334362937
2838643
63153849
634812067
64460608
45909647
283551681
77865746
149088633
234628360
255278637
155238189
102476066
660833668
334189109
536283859
8005410
63696319
56437653
429193288
