674023314
562944942
632170791
557647615
226312746
699117332
692268941
460633589
317215512
636392551
739410918
673610470
198354174
188177331
301336847
254038893
728711292
515523793
135796370
100769539
54797489
136798921
601954671
139456669
423620682
171182230
50009363
226499540
296627383
178828312
226215200
25531322
35148262
108220276
387625270
445064428
82026659
135477549
164940361
107131246
177020656
67398670
186349044
168130594
608214270
139428801
287908914
114506630
226969101
344985029
19225684
361766669
397740148
12191809
147174424
874146
10610194
7295003
47431025
8736482
5503497
82262872
159635017
87429686
737731168
665911509
531147072
10464500
589605455
490581295
27784762
816335
85673251
11189618
104043067
71438699
681981
97885547
64011967
24048419
14611060
27218444
2893724
83705263
17667499
200536912
40958025
297176815
116519833
719044630
515893148
26792005
195426021
244243434
580162772
717126558
296550542
67953629
13559969
85534753
690412
42208420
137038779
60507297
5046412
392644997
131565929
10365606
29527888
17461727
13416723
109771543
66620931
53804747
42663128
27720984
65775462
4597391
173363048
29139192
338209624
16507707
956320
3646802
39757464
8660008
681166
5560996
297181813
8084191
15059931
31292625
591398494
30559214
601450030
189110271
660183869
41630906
14785189
557361
15513683
4094881
94935375
4609797
24721961
642657364
711146647
322406678
1282362
465937302
662313446
219955679
3201217
8585559
200425540
95731997
249921328
86870436
29585832
468492963
135127027
193790081
74161611
98049821
2229603
723235593
708795028
626969304
415124287
710293724
582231413
710293724
582231413
710293724
582231413
245303895
62756958
179199354
10609937
10609937
10609937
10609937
391627185
634947938
674023314
562944942
632170791
557647615
226312746
699117332
692268941
460633589
317215512
636392551
739410918
673610470
198354174
301336847
188177331
254038893
728711292
515523793
135796370
136798921
100769539
54797489
601954671
139456669
423620682
171182230
50009363
226499540
296627383
178828312
226215200
25531322
35148262
108220276
445064428
107131246
135477549
387625270
82026659
164940361
177020656
67398670
186349044
168130594
608214270
139428801
287908914
114506630
344985029
361766669
87429686
397740148
12191809
147174424
10610194
874146
7295003
47431025
8736482
159635017
19225684
5503497
82262872
226969101
737731168
665911509
85673251
531147072
10464500
589605455
490581295
27784762
816335
11189618
104043067
71438699
681981
64011967
24048419
14611060
97885547
27218444
2893724
83705263
200536912
40958025
297176815
116519833
17667499
719044630
515893148
5046412
26792005
195426021
60507297
580162772
717126558
296550542
244243434
131565929
67953629
85534753
690412
42208420
137038779
42663128
392644997
10365606
29527888
17461727
13416723
109771543
13559969
65775462
53804747
27720984
66620931
4597391
16507707
29139192
39757464
338209624
173363048
956320
3646802
681166
8660008
31292625
5560996
297181813
8084191
15059931
591398494
30559214
601450030
189110271
15513683
660183869
41630906
14785189
4609797
4094881
94935375
557361
24721961
642657364
711146647
322406678
1282362
465937302
662313446
219955679
3201217
8585559
200425540
95731997
249921328
86870436
468492963
29585832
135127027
193790081
74161611
98049821
2229603
723235593
708795028
626969304
415124287
710293724
582231413
391627185
634947938
245303895
62756958
179199354
10609937
532860376
691311841
343451927
501943160
636185558
559577190
393326777
139618662
381616101
609796127
345451956
638709885
378573973
162440240
298886564
720789812
524554905
539340580
484284502
496306614
506334677
617533829
216880974
319688064
565953646
200077391
498943148
559809103
521623550
273019029
462335188
671388071
473279017
468898461
248294734
211389797
661558444
478298113
425438430
335404797
379386807
736692310
734565180
258854861
574909044
209267588
406318503
410835017
284884314
231795413
227726093
179182795
395524168
225377247
366726400
613752575
733606701
148045821
260538478
498897310
178964857
605514985
552098006
532417377
207499118
574353166
529016210
587271948
511842846
85466548
661387441
535718647
146577991
711583595
464736277
279157900
471995445
599794351
489515421
682542179
152451285
382118781
135766800
357081622
712156317
69259845
499252882
376560336
539551396
194006295
165939338
606978672
717251673
146857702
125581240
235151630
63067789
177322240
362907709
649044778
441648982
675581176
221037319
84285262
469829124
192495689
146873590
183068917
534453236
654036899
447489893
558676690
135498930
409799050
414960129
338967730
557009692
117920910
206309795
352206126
155903511
225347617
619412907
228348863
183845892
51245000
193495638
77628538
228057893
216596562
284952889
579260102
120673495
133377617
103539361
563529339
220273603
680342837
700294242
706002580
390105633
615493571
623781339
326184140
634311158
575347443
583211465
562835222
470503185
615851330
597204186
662265762
176210552
580057649
423538574
77809651
325738147
519121275
210441784
156438788
634657612
136923667
287882261
313486952
485822249
501499044
592813071
630570218
563617310
236909959
673388844
121982011
214148616
544640302
302427716
170152317
361984277
132596292
451508840
479419539
657280108
682702370
625250184
34721448
69750184
152710132
545214350
391856638
207517083
398208473
593312294
112895462
444902493
370468424
570812519
485266429
370487534
296172526
66801524
158537034
139724901
86713044
99143146
231462840
109257482
214916663
118052975
158240855
53761121
89433300
167781581
79442846
87809419
245376560
138254589
60407948
157607927
135651203
77370917
108121794
343026905
308236590
267700949
324488561
83864782
198586541
120960284
143854188
113857953
112581694
319388409
289276537
59097348
135675446
140532254
134959321
105726273
211961388
178169059
244033377
62761788
216590291
110538285
128203858
142162705
179382464
71004782
32294829
138795047
710512770
707429674
692462786
722729277
529300422
159232204
735588506
591893577
347616793
117735883
316849201
441268170
739733954
493064872
239729106
545006672
587987596
508187568
718000011
395450235
554156018
650503724
388102323
170480761
373145826
29901217
131859070
64176310
148375308
106675545
54537890
535614020
61469142
211863012
491061114
578532274
254398479
23461776
616304288
158194021
612881921
52263783
112776910
343784105
640004868
330484389
352161856
87006314
415825482
495224011
136787062
124016998
77913742
19196161
114300303
202458557
561563459
140501732
120225744
504008046
87205170
66632142
159631697
21875919
308857489
241918366
52602273
494789778
586041006
666875664
509163682
216872214
624047271
442612439
145489494
525220825
592725892
573509376
350050829
369850258
362049803
645190007
49630602
123988140
523174340
296906151
294107695
113331192
114963595
330943083
205770499
313204603
76184022
157265403
163966353
168611510
138748128
372447076
118427681
210234731
54697662
328200280
337654215
245843579
143562952
261622732
139140853
134115814
182618246
26627361
48152473
354666917
6132260
66324974
217782864
57643225
48020538
190712692
46359309
76496263
143150694
62338376
151187483
86068307
142051370
217615138
159198163
68648255
183163764
100901779
24942742
84249445
146683888
77172630
68491563
162259369
210158133
280329300
78737162
55896016
82257134
213588529
389217879
54697662
328200280
337654215
245843579
143562952
261622732
139140853
134115814
182618246
26627361
48152473
354666917
6132260
66324974
217782864
57643225
48020538
190712692
46359309
76496263
143150694
62338376
151187483
86068307
142051370
217615138
159198163
68648255
183163764
100901779
24942742
84249445
146683888
77172630
68491563
162259369
210158133
280329300
78737162
55896016
82257134
213588529
389217879
54697662
328200280
337654215
245843579
143562952
261622732
139140853
134115814
182618246
26627361
48152473
354666917
6132260
66324974
217782864
57643225
48020538
190712692
46359309
76496263
143150694
62338376
151187483
86068307
142051370
217615138
159198163
68648255
183163764
100901779
24942742
84249445
146683888
77172630
68491563
162259369
210158133
280329300
78737162
55896016
82257134
213588529
389217879
54697662
328200280
337654215
245843579
143562952
261622732
139140853
134115814
182618246
26627361
48152473
354666917
6132260
66324974
217782864
57643225
48020538
190712692
46359309
76496263
143150694
62338376
151187483
86068307
142051370
217615138
159198163
68648255
183163764
100901779
24942742
84249445
146683888
77172630
68491563
162259369
210158133
280329300
78737162
55896016
82257134
213588529
389217879
54697662
328200280
337654215
245843579
143562952
261622732
139140853
134115814
182618246
26627361
48152473
354666917
6132260
66324974
217782864
57643225
48020538
190712692
46359309
76496263
143150694
62338376
151187483
86068307
142051370
217615138
159198163
68648255
183163764
100901779
24942742
84249445
146683888
77172630
68491563
162259369
210158133
280329300
78737162
55896016
82257134
213588529
389217879
691311841
343451927
501943160
636185558
559577190
393326777
139618662
381616101
609796127
345451956
638709885
378573973
162440240
298886564
720789812
524554905
539340580
484284502
496306614
506334677
617533829
216880974
319688064
565953646
200077391
498943148
559809103
521623550
273019029
462335188
671388071
473279017
468898461
248294734
211389797
661558444
478298113
425438430
335404797
379386807
736692310
734565180
258854861
574909044
209267588
406318503
410835017
284884314
231795413
227726093
179182795
395524168
225377247
366726400
613752575
733606701
148045821
260538478
498897310
178964857
605514985
552098006
532417377
207499118
574353166
529016210
587271948
511842846
85466548
661387441
535718647
146577991
711583595
464736277
279157900
471995445
599794351
489515421
682542179
152451285
382118781
135766800
357081622
712156317
69259845
499252882
376560336
539551396
194006295
165939338
606978672
717251673
146857702
125581240
235151630
63067789
177322240
362907709
649044778
441648982
675581176
221037319
84285262
469829124
192495689
146873590
183068917
534453236
654036899
447489893
558676690
135498930
409799050
414960129
338967730
557009692
117920910
206309795
352206126
155903511
225347617
619412907
228348863
183845892
51245000
193495638
77628538
228057893
216596562
284952889
579260102
120673495
133377617
103539361
563529339
220273603
